20010101
20010102
20010103
20010104
20010105
20010106
20010107
20010108
20010109
20010110
20010111
20010112
20010113
20010114
20010115
20010116
20010117
20010118
20010119
20010120
20010121
20010122
20010123
20010124
20010125
20010126
20010127
20010128
20010129
20010130
20010131
20010201
20010202
20010203
20010204
20010205
20010206
20010207
20010208
20010209
20010210
20010211
20010212
20010213
20010214
20010215
20010216
20010217
20010218
20010219
20010220
20010221
20010222
20010223
20010224
20010225
20010226
20010227
